$ANSIBLE_VAULT;1.1;AES256
33343663613339393637336465383034653332616364306532383731316237346234343530663935
3164663731323834393336623265333763663732656134330a376163316365306262393236643763
30666634336439626234653839666539303639333133333566383838663532393332663432616535
6661653362656164640a306133313131616361313030393062376435303462323336376335613262
33613633613633313938303733643165376237343238616433393965653132626262323339663163
61303561306432623536636332636138323562346430613130643430616564363331666266303236
61306463333565323361663334353463393762623966633339346130623335313963666234353433
38336430303065353466376639303936643565623330346466386261646330336637373435636337
35343837356461393139373962323338353064616637333839373839383330653266656461336238
63383861353931623038626331633162633864336633386563633565343763323665303930633537
39636631393332336334653434653930363765626337353237343538313834323735613166646138
38313534643332313139653632643962626630643932383965323864636664666562336464623433
33323239396466316133376563653763613331323732636333313731656530316239396563386332
63646439386134396637303533396237313438343036376465396563353131386535383833633935
62646363323365363531623339373262643666343365633934646531333666393035366563326461
64366336363566616661656664353839616234636464333465356332336136393765666364343736
36633939643438656232333634303363323430623566633964643737363138363832396163326631
63353962663566346534616437666134353366623730626638313161336164333063336633663664
61393834316133383438363830363463396232323332353530646231386631643832646662613032
38303233656566613338633235306634323537626462616662353135353333353931653961386634
30663166336635303138383435303038616361316264633335333837646334306465623135396664
64643432303165353439653731353433366163343961646166383564643330346538643362356435
32383835353739633435636237333339393065383863613236316361313136333335306566326565
30316531383132643663353734376163396334636430326465303464346636666366623266323430
37626166623961626332363438303064306330373839313034386561623337386165386162396464
37643365363833653730353362376462613838313061626238353365393662623863336330323435
61623338623433633835666430326131323130366434353232353135616531383835633932613730
30623038646134326561393330613331626164616233383839316663663862376239343630333961
3737
